[DEFAULT]
latitude = 51.387974063631475
longitude = 7.01352462559009
target_temperature = 15